1) write validation set handler function 
2) write a meta linear regression 
3) write the presentation for work 
4) deploy it and make a dirty quick interface



[61.378544, 43.749702, 79.13453 , 50.31356 , 20.342283, 54.360924,
       51.48419 , 57.57121 , 50.28466 , 55.77261 , 67.95046 , 56.638935,
       46.18397 , 53.495445, 54.807476, 28.61998 , 34.179783, 40.160152,
       67.06669 , 74.112854, 54.000423, 36.87243 , 69.50652 , 54.366386,
        9.657487, 18.30491 , 53.987858, 59.120716, 46.52673 , 66.24677 ,
       29.708853, 47.01567 , 28.17985 , 46.142117, 34.323837, 28.093143,
       40.947197]
       
[[array([59.224693, 22.88028 , 79.18427 , 46.0776  , 40.97945 , 70.95334 ,
       57.245228, 27.238794, 38.965816, 31.041487, 70.537254, 30.5709  ,
       57.10009 , 40.004986,  9.825886, 35.403965, 74.621155, 67.75327 ,
       69.37521 , 71.5822  , 75.983215, 66.562355, 49.62814 , 42.95127 ,
       60.856922, 75.39503 , 69.834335, 35.179146, 63.030582, 75.28779 ,
       16.675354, 52.72071 , 34.592583, 42.93239 , 28.689383, 47.265274,
       12.896814], dtype=float32)]]

[[array([63.27109 , 29.713926, 45.376587, 62.813427, 72.16224 , 66.21882 ,
       49.0838  , 49.47795 , 38.502666, 50.952652, 67.02371 , 49.530376,
       24.378386, 44.468365, 29.128572, 34.04893 , 48.10162 , 75.7056  ,
       20.118933, 62.23203 , 44.639954, 24.060602, 50.970356, 40.680523,
       56.959866, 67.921906, 27.409616, 56.97613 , 68.279816, 70.13705 ,
       35.58162 , 29.28298 , 65.88058 , 34.12109 , 74.11669 , 67.65834 ],
      dtype=float32)]]

[[array([65.10585  , 19.019663 , 52.602715 , 51.114708 , 74.41395  ,
       62.443348 , 29.36616  , 34.293747 , 21.206564 , 43.4628   ,
       69.57024  , 30.269672 , 50.790844 , 68.8079   , 40.29563  ,
       30.175396 , 36.56243  , 71.11894  , 69.48264  , 53.624474 ,
       66.61054  , 48.70835  , 60.576824 , 33.34645  , 53.28447  ,
        1.5950456, 49.025467 , 59.701973 , 62.455856 , 73.59538  ,
       24.781223 , 30.71999  , 64.271675 , 65.97844  , 62.243214 ,
       -5.78513  , 63.295135 ], dtype=float32)]]

[[array([25.19995 , 71.02276 , 41.961395, 45.333984, 69.667725, 64.88266 ,
       60.90033 , 70.914505, 68.01346 , 36.192802, 74.21594 , 56.84458 ,
       70.351685, 46.001286, 39.207203, 70.350365, 55.536785, 39.59496 ,
       51.477947, 38.94034 , 46.40797 , 21.020504, 66.05705 , 24.146929,
       76.75058 , 50.237938, 29.51663 , 72.787224, 51.782417, 80.58684 ,
       60.660324, 47.62068 , 56.487988, 50.056175, 37.002975, 47.57134 ,
       58.136467], dtype=float32)]]

[[array([73.23622 , 70.58595 , 75.472244, 57.534073, 59.881916, 71.712326,
       62.305218, 26.098778, 69.07282 , 35.1236  , 53.212563, 85.17495 ,
       56.604195, 74.62333 , 67.90641 , 67.48115 , 40.028362, 56.96762 ,
       69.4535  , 74.0163  , 77.30754 , 74.62962 , 40.80067 , 51.278507,
       21.492622, 20.35113 , 80.9946  , 37.65966 , 53.572483, 63.168728,
       70.55058 , 76.70194 , 75.20883 , 61.7323  , 34.890717],
      dtype=float32)]]

[[array([29.267836, 27.231243, 30.399662, 47.611023, 50.232788, 49.619167,
       49.80277 , 30.73922 , 62.127167, 32.014824, 48.373745, 77.917786,
       47.700706, 59.126354, 65.77562 , 38.824463, 64.70424 , 53.917995,
       41.76913 , 67.881004, 30.025608, 20.57521 , 59.058144, 51.579754,
       27.885597, 51.412   , 61.464756, 22.164291, 27.269596, 34.57152 ,
       45.071644, 22.155985, 48.2347  , 44.61269 , 24.040773, 60.7839  ,
       32.531967, 68.76905 , 66.23627 , 25.81156 , 49.421764, 74.59803 ,
       39.3284  , 47.627514, 68.17541 , 78.30995 , 66.77659 , 53.472538,
       55.10339 , 51.894108, 69.57985 , 39.735516, 14.185065, 90.322266,
       50.202774, 46.313004, 69.20502 , 29.601835, 65.1107  , 45.39438 ,
       47.49033 , 73.02517 , 41.91715 , 37.630768, 60.650436, 41.42515 ,
       46.96409 , 16.943058, 32.53866 , 25.051086, 27.232975, 44.298874,
       66.79925 , 79.46705 ], dtype=float32)]]


